+----+----+-----++-----+-----+-----+-----+-----+-----+-----+-----+-----+-----+------+-----+------+------+-----+---------+
| A  | B  | Cin || A1  | A2  | A3  | A4  | A5  | A6  | A7  | A8  | O1  | O2  | O3/S | A9  | A10  | A11  | O4  | O5/Cout |
+----+----+-----++-----+-----+-----+-----+-----+-----+-----+-----+-----+-----+------+-----+------+------+-----+---------+
| 0  | 0  |  0  ||  0  |  0  |  0  |  0  |  0  |  0  |  0  |  0  |  0  |  0  |  0   |  0  |  0   |  0   |  0  |    0    |
| 0  | 0  |  1  ||  0  |  0  |  1  |  0  |  0  |  0  |  1  |  0  |  1  |  0  |  1   |  0  |  0   |  0   |  0  |    0    |
| 0  | 1  |  0  ||  0  |  0  |  0  |  0  |  0  |  1  |  0  |  0  |  0  |  1  |  1   |  0  |  0   |  0   |  0  |    0    |
| 0  | 1  |  1  ||  0  |  1  |  0  |  1  |  0  |  0  |  0  |  1  |  0  |  1  |  0   |  0  |  0   |  0   |  1  |    1    |
| 1  | 0  |  0  ||  0  |  0  |  0  |  0  |  1  |  0  |  0  |  0  |  0  |  1  |  1   |  0  |  0   |  0   |  0  |    0    |
| 1  | 0  |  1  ||  1  |  0  |  0  |  0  |  0  |  0  |  0  |  1  |  1  |  0  |  0   |  1  |  0   |  0   |  1  |    1    |
| 1  | 1  |  0  ||  0  |  1  |  0  |  1  |  0  |  0  |  0  |  1  |  0  |  1  |  0   |  1  |  1   |  0   |  1  |    1    |
| 1  | 1  |  1  ||  1  |  0  |  0  |  0  |  1  |  0  |  1  |  0  |  1  |  0  |  1   |  0  |  1   |  1   |  1  |    1    |
+----+----+-----++-----+-----+-----+-----+-----+-----+-----+-----+-----+-----+------+-----+------+------+-----+---------+
